#time	observable_biomass	observable_substrate	observable_cellulase_activity	observable_beta_glucosidase_activity	cellulose_concentration	gelain_2020_cellulose_initial_loading
28800.0	2.861740254941905	9.876727248621048	0.0	15.872852798553463	10.0	10.0
43200.0	3.665041890787295	9.21912703203884	21.412016864121345	53.35127804717679
86400.0	5.913493103187719	2.7353502101590594	422.0973470730104	895.1467083093615
115200.0	4.739738476299145	1.2601496784731454	766.7136314433242	1494.4111120243283
172800.0	4.243537934501599	0.5342209822564191	818.9039361842179	1706.7683077175968
194400.0	3.5692922874279707	0.268619551086092	845.5658011681369	1818.854277964987
259200.0	2.6271713586585586	0.1974247492984719	887.6433209611139	1893.2358017588565
345600.0	2.1249852272536094	0.2748960180709103	791.203710266842	1636.0853127311582

28800.0	4.0002250233517245	19.973133273578657	0.0	11.835292183775794	20.0	20.0
43200.0	4.814712467452349	18.94745740891629	0.0	42.49712336648312
86400.0	8.219913529590286	8.023400382459453	234.1939607717343	482.3497986356539
115200.0	7.951744677367952	4.423403826799742	429.8292287863691	1107.606640913948
172800.0	4.131839147393322	1.4393416615428438	790.3711177545282	1942.652256102573
194400.0	3.902723708971134	0.9118836300307356	842.7412414519945	2014.6708309361395
259200.0	3.024125516304073	0.4596042488168899	813.588355305991	2150.797238431824
345600.0	2.2692409022337583	0.2284861335985913	769.9579484749818	2001.9314539327693

28800.0	3.386259598851707	31.188432670702987	0.0	0.0	30.0	30.0
43200.0	4.569515420878874	28.988940995685876	0.0	12.040766006410784
86400.0	9.40625525180876	15.733988095896388	152.57859384708274	395.94805621763794
115200.0	9.359389267261475	7.872108338284392	343.4897531492801	713.5078491000247
172800.0	5.485934089879789	2.666776280212802	665.0016027125024	1538.8448261691465
194400.0	4.391623867448644	1.6469777786999686	745.1070257096395	1976.4526999260297
259200.0	3.694769158253853	0.812655179308664	796.3737686604547	1929.399194542615
345600.0	3.0835877888364163	0.413528259919809	754.6127961395241	1966.6926933508676
